start=69.569500
volume=85.000000
