start=76.700000
volume=60.000000
