start=4773.569000
volume=110.000000
