start=185.218367
pause=yes
volume=60.000000
