start=114.733333
pause=yes
volume=85.000000
