start=121.756556
volume=55.000000
