start=361.533333
pause=yes
volume=105.000000
