start=294.600000
volume=130.000000
