start=441.133333
volume=125.000000
