start=257.600000
volume=120.000000
