start=13.200000
volume=60.000000
