start=117.433333
pause=yes
volume=55.000000
