start=90.480000
volume=85.000000
