start=8.641967
volume=20.000000
