start=384.600000
volume=105.000000
