start=3076.716667
pause=yes
volume=95.000000
