start=942.483333
volume=105.000000
