start=477.291667
volume=75.000000
