start=830.900000
volume=125.000000
