start=683.049033
pause=yes
volume=105.000000
