start=319.616667
speed=2.000000
pause=yes
