start=111.866667
volume=130.000000
