start=1327.866667
volume=110.000000
