start=1155.755000
volume=105.000000
