start=353.066667
volume=120.000000
