start=318.051067
volume=130.000000
