start=94.333333
volume=30.000000
