start=20.960000
volume=40.000000
