start=23.566667
pause=yes
volume=110.000000
