start=1911.000000
volume=130.000000
