start=5.791667
volume=95.000000
