start=214.400000
pause=yes
volume=105.000000
