start=132.098633
panscan=0.100000
sid=no
