start=177.500000
volume=90.000000
