start=62.960000
pause=yes
volume=105.000000
