start=88.633333
volume=110.000000
