start=1712.566667
volume=105.000000
contrast=-1
deinterlace=yes
ab-loop-a=15.900000
