start=249.033333
pause=yes
volume=105.000000
