start=650.016033
volume=130.000000
