start=217.033489
volume=110.000000
