start=13.666667
volume=125.000000
