start=188.533333
volume=130.000000
