start=336.100000
pause=yes
volume=105.000000
