start=1312.458333
volume=120.000000
