start=517.623222
volume=95.000000
