start=93.460033
volume=95.000000
