start=816.933333
volume=105.000000
