start=93.000000
volume=115.000000
