start=59.040000
pause=yes
volume=55.000000
