start=346.966667
volume=85.000000
