start=323.950000
volume=105.000000
