start=318.900000
pause=yes
volume=60.000000
