start=1410.375633
pause=yes
volume=95.000000
