start=91.100000
volume=90.000000
