start=340.366667
volume=105.000000
