start=69.335933
volume=85.000000
